0 0.061510353227771014 0.06134969325153374 0.12058465286236297 0.12024539877300613
1 0.18453105968331304 0.06196319018404908 0.12545676004872108 0.11901840490797547
2 0.3118148599269184 0.06073619631901841 0.12667478684531058 0.11901840490797547
3 0.438489646772229 0.06134969325153374 0.12667478684531058 0.12024539877300613
4 0.5639464068209501 0.06134969325153374 0.12423873325213154 0.12024539877300613
2 0.6881851400730816 0.06196319018404908 0.12911084043848964 0.12147239263803682
1 0.8124238733252132 0.06134969325153374 0.12667478684531058 0.12024539877300613
0 0.9378806333739342 0.06257668711656442 0.1218026796589525 0.12269938650306748
5 0.061510353227771014 0.18527607361963191 0.12058465286236297 0.12515337423312883
5 0.18453105968331304 0.18650306748466258 0.12545676004872108 0.12269938650306748
5 0.3099878197320341 0.18527607361963191 0.13032886723507917 0.12269938650306748
5 0.440925700365408 0.18588957055214725 0.1218026796589525 0.12147239263803682
5 0.5639464068209501 0.18650306748466258 0.12423873325213154 0.12269938650306748
5 0.6894031668696712 0.18650306748466258 0.1218026796589525 0.12269938650306748
5 0.8130328867235079 0.18711656441717792 0.1278928136419001 0.12392638036809817
5 0.9378806333739342 0.18773006134969325 0.1218026796589525 0.12024539877300613
11 0.06333739342265529 0.8177914110429448 0.12423873325213154 0.12392638036809817
11 0.18635809987819732 0.8184049079754602 0.12423873325213154 0.12515337423312883
11 0.31120584652862365 0.8171779141104294 0.13276492082825822 0.12269938650306748
11 0.438489646772229 0.8171779141104294 0.12667478684531058 0.12269938650306748
11 0.5633373934226553 0.8196319018404908 0.12302070645554203 0.1276073619631902
11 0.6851400730816078 0.8159509202453987 0.12302070645554203 0.12024539877300613
11 0.8112058465286236 0.8165644171779141 0.12911084043848964 0.1263803680981595
11 0.9360535931790499 0.8159509202453987 0.12302070645554203 0.12515337423312883
6 0.061510353227771014 0.9392638036809816 0.12058465286236297 0.12147239263803682
7 0.18696711327649207 0.9423312883435583 0.12058465286236297 0.11533742331288344
8 0.3099878197320341 0.9392638036809816 0.1278928136419001 0.12147239263803682
9 0.438489646772229 0.9386503067484663 0.12423873325213154 0.11779141104294479
10 0.5627283800243605 0.9411042944785276 0.12423873325213154 0.11779141104294479
8 0.6881851400730816 0.9404907975460123 0.12423873325213154 0.11901840490797547
7 0.8112058465286236 0.938036809815951 0.1315468940316687 0.11901840490797547
6 0.938489646772229 0.9392638036809816 0.12302070645554203 0.12147239263803682
